Layer 0 weights shape: (30, 784)
[[ 0.2144725  -0.7233091   0.23727617 ... -0.68022776  2.26929431
   0.64007304]
 [ 0.88097372  0.90792544 -0.89176863 ...  0.85327361 -0.18616446
  -1.45997434]
 [ 1.67702106 -1.10011813  0.39471008 ...  0.38340242  0.35009909
   0.1091168 ]
 ...
 [-1.38174354 -0.53553106  1.34657601 ...  1.63485254 -0.06167162
   0.02498267]
 [ 0.13472602  1.72878773  0.92431321 ...  0.21202669 -0.13104329
   1.78712106]
 [-1.90443669 -0.61829281 -0.10349698 ... -0.01802269  0.24818026
   1.054209  ]]

Layer 1 weights shape: (10, 30)
[[-4.06893782e+00  2.70052249e+00 -2.92983658e+00 -2.23162151e+00
  -1.71322343e-01  2.72147123e+00  1.02176591e+00 -4.75726543e+00
   1.18441645e+00  3.67146335e+00  1.58303811e+00 -2.26581243e+00
  -2.82346715e+00  3.94109644e+00  5.95119201e+00  7.16606407e-02
  -7.49004798e+00 -8.80625638e-01  2.85873422e+00 -3.13527185e+00
  -8.61325588e-01 -1.82467103e+00 -4.40524005e+00 -2.89663186e+00
  -2.22194959e+00  1.41064773e+00  1.29550485e+00  6.68263011e-01
   4.02001308e+00 -3.07619815e+00]
 [-4.30458032e+00  3.04805331e+00 -1.32744077e+00  2.92307525e+00
  -2.42167710e+00 -1.05275239e+00  1.40430529e+00  3.41297110e+00
  -7.20131206e-01 -1.32132717e+00 -5.68584490e+00 -5.64142683e+00
   2.14041086e+00 -2.91154308e+00  1.84414491e-01  2.18514696e+00
  -1.16875708e+00 -5.54645340e+00 -4.06239095e+00 -3.35985507e+00
   2.88586093e+00  1.92627603e+00  6.45045177e-01  5.02984583e-02
  -1.82631235e+00  3.46264482e-01 -5.86147948e-01  1.89320914e+00
   9.46524452e-02  4.64118271e+00]
 [ 9.52455919e-01  4.35721716e+00 -5.86126098e+00  6.05484909e+00
   3.85104963e+00 -4.27303046e+00 -2.50818476e+00 -5.16420232e+00
  -4.13650111e-01  1.23331745e+00  3.46797879e+00 -4.68681920e+00
  -1.84194344e+00  1.00662182e+00 -3.16444164e+00 -8.83806630e-01
  -3.33902401e-03  1.55027971e-01 -2.70273408e+00 -2.56431375e+00
  -3.87511869e+00  8.33258794e-01 -1.09675758e+00  5.06809686e+00
   2.86205298e+00 -5.88960610e+00 -2.12030760e+00  2.75724986e+00
   9.31741054e-01 -5.56643202e+00]
 [-2.86497734e+00 -4.71245484e+00 -5.75616989e+00 -1.98433944e+00
   3.48701645e+00  3.67661845e+00  3.08249011e+00 -6.56673119e+00
  -3.89733602e+00 -2.26233904e+00 -2.48730106e+00  4.11413403e+00
  -1.80138499e+00 -2.83552523e+00 -7.02112752e+00 -2.87627045e+00
  -1.37739938e+00 -5.85395211e+00 -3.67978381e+00  9.30260271e-01
   3.31593733e+00 -1.67537882e+00 -5.87474282e-01  4.59095695e-01
   1.09505652e+00  4.33677205e+00 -8.86249514e-01 -8.55203331e-01
   4.92465918e+00 -4.00322782e+00]
 [ 6.02241661e+00  2.13148982e-01 -6.26008265e+00 -2.13133766e+00
  -2.77094804e+00  5.35193620e+00  1.10527932e+00 -1.01039088e+00
  -1.78622444e+00  5.50899399e-01 -3.53493878e-01 -2.16337074e+00
  -6.43145984e+00 -1.14774188e+00 -1.74724199e+00  9.57515624e-01
  -5.69455729e+00 -1.08402665e+00 -2.51884063e+00 -3.68139004e+00
   3.01177330e+00  5.73642824e+00  1.94744300e+00 -3.73047651e-01
  -1.73029444e+00 -5.73233828e+00  5.09755486e+00  5.50193366e+00
  -3.80481343e+00 -6.44152792e-01]
 [-2.19258051e+00 -4.28675150e+00  5.28849335e+00  2.12859733e+00
   7.98138994e-01  1.90689670e-01  1.40911183e+00  4.28210982e+00
   4.01328210e+00  1.59080521e+00 -5.78713303e+00 -2.10831795e-01
   3.39677453e+00  2.31049982e-01 -9.57434267e+00 -4.68226311e+00
  -4.92681087e+00  5.28613565e+00  2.78344852e+00  9.46633024e-01
  -2.75578098e+00  2.06228839e+00 -2.55596203e+00 -2.26296786e+00
   5.35487048e+00  1.92591258e+00  1.41563100e+00  2.22728662e+00
  -3.25124567e+00  7.63443073e+00]
 [ 2.19331139e+00  6.18670733e+00  3.67452503e+00 -3.59018118e+00
  -4.30018587e+00 -3.87552214e+00 -2.98357272e+00  3.30075621e+00
  -9.69668617e-01 -1.94031295e+00  6.17778816e+00  1.22409026e+00
  -3.03551553e+00 -4.16243201e+00 -4.34095957e+00  1.41148543e+00
  -3.38975980e+00  7.70000154e-01  1.51540214e+00 -2.14158746e+00
   1.84236775e+00 -1.43271359e+00 -3.53714234e+00 -3.95758874e+00
  -1.83928775e+00 -9.00202589e-01  2.87745142e-01 -2.14050705e+00
   1.82460037e+00  1.50581709e+00]
 [-2.25180468e+00  1.46137084e+00  3.99213506e+00  3.44135328e+00
   4.44316799e+00  4.61329300e+00 -6.57008545e+00 -2.68528545e+00
  -1.61875597e+00 -3.37063713e-02 -4.87186740e+00 -1.37504323e+00
   2.03213297e+00 -2.91333749e-02  1.76433172e+00  4.27023911e+00
  -4.65197977e+00  1.10166050e+00  1.12935827e+00  3.18807749e+00
  -3.43892156e+00  4.61241500e-01  2.96843826e+00  9.99051233e-01
  -5.22039134e+00  2.95917661e+00  3.03065244e+00 -9.15001045e-01
  -2.39626423e+00  4.31182570e-01]
 [-5.42470030e+00  6.22557815e+00 -1.97603723e+00 -1.26861325e+00
  -6.59874944e+00 -5.23660127e-02  8.10013610e-01 -2.42581521e+00
   3.26725500e+00  4.48667615e-01 -3.93430254e+00  6.24624582e+00
  -2.40037010e+00 -3.72298174e+00 -4.93262704e+00 -6.60638315e-01
  -3.14706660e+00 -1.27058385e-01  1.54899475e+00 -3.83008376e+00
  -2.23985455e+00 -3.31267323e+00  4.36213727e+00  2.32515345e+00
  -2.63694029e+00 -4.27074577e+00 -2.29723233e+00 -3.45901982e+00
   8.19914952e-02 -4.37508728e+00]
 [ 3.72433530e+00 -2.87082870e+00  3.59690019e-01 -1.74522135e+00
  -4.41323960e+00  3.59871487e+00  7.81010902e+00  4.30843249e-01
  -1.96090374e+00 -4.53794604e-01  2.04728069e+00  1.27481519e+00
  -1.43659505e+00  1.87253853e+00  2.59933540e+00 -9.33971664e-01
  -6.33832977e+00 -1.65525590e+00 -6.96843826e-01  2.88622860e+00
  -2.05677855e+00 -6.47131475e+00  2.05479152e+00  1.94898728e-01
  -2.83938204e+00 -3.25159666e-01 -5.76208246e+00 -7.92874629e+00
  -2.66419870e+00  3.54601097e+00]]

